/usr/bin/python2.7 /home/woyski/workspace/Queues/bcmp_closed.py
type2
[1, 1]
1.0
67.0
4.4776119403e-07
0.0149253798012

type2
[3, 1]
0.0
60.0
1.66666666667e-07
0.0

type2
[1, 2]
1.0
67.0
4.4776119403e-07
0.0149253798012

type2
[3, 2]
1.0
60.0
1.66666666667e-07
0.0166666694377

type2
[1, 3]
1.0
67.0
4.4776119403e-07
0.0149253798012

type2
[3, 3]
0.0
60.0
1.66666666667e-07
0.0

type2
[1, 1]
1.0
67.0
1.74611384717
-0.0201178729842

type2
[3, 1]
0.0
60.0
0.165822797449
0.0

type2
[1, 2]
1.0
67.0
1.74611384717
-0.0201178729842

type2
[3, 2]
1.0
60.0
0.165822797449
0.0199701787547

type2
[1, 3]
1.0
67.0
1.74611384717
-0.0201178729842

type2
[3, 3]
0.0
60.0
0.165822797449
0.0

type2
[1, 1]
1.0
67.0
1.79500565691
-0.0188768704095

type2
[3, 1]
0.0
60.0
0.166671499885
0.0

type2
[1, 2]
1.0
67.0
1.79500565691
-0.0188768704095

type2
[3, 2]
1.0
60.0
0.166671499885
0.0199904584356

type2
[1, 3]
1.0
67.0
1.79500565691
-0.0188768704095

type2
[3, 3]
0.0
60.0
0.166671499885
0.0

type2
[1, 1]
1.0
67.0
1.79290997776
-0.0189269152302

type2
[3, 1]
0.0
60.0
0.166619128624
0.0

type2
[1, 2]
1.0
67.0
1.79290997776
-0.0189269152302

type2
[3, 2]
1.0
60.0
0.166619128624
0.0199892058359

type2
[1, 3]
1.0
67.0
1.79290997776
-0.0189269152302

type2
[3, 3]
0.0
60.0
0.166619128624
0.0

type2
[1, 1]
1.0
67.0
1.79299497678
-0.0189248802911

type2
[3, 1]
0.0
60.0
0.166621359596
0.0

type2
[1, 2]
1.0
67.0
1.79299497678
-0.0189248802911

type2
[3, 2]
1.0
60.0
0.166621359596
0.0199892591924

type2
[1, 3]
1.0
67.0
1.79299497678
-0.0189248802911

type2
[3, 3]
0.0
60.0
0.166621359596
0.0

type2
[1, 1]
1.0
67.0
1.7929915233
-0.0189249629616

type2
[3, 1]
0.0
60.0
0.166621268336
0.0

type2
[1, 2]
1.0
67.0
1.7929915233
-0.0189249629616

type2
[3, 2]
1.0
60.0
0.166621268336
0.0199892570098

type2
[1, 3]
1.0
67.0
1.7929915233
-0.0189249629616

type2
[3, 3]
0.0
60.0
0.166621268336
0.0

[[ 1.  1.  1.]
 [ 1.  1.  1.]
 [ 0.  1.  0.]
 [ 1.  0.  1.]
 [ 0.  1.  0.]
 [ 0.  1.  0.]
 [ 1.  0.  5.]
 [ 1.  1.  1.]]

Process finished with exit code 0
